7065154
25779217
25937854
25662329
26752088
26266893
1889243
20495023
3742360
26794435
27060077
3541415
3319755
26387939
26683290
30166972
4920389
27010768
26100958
25986180
25779217
26266893
26794435
30166972
27010768
26100958
32659890
26931786
30163509
27119724
30176393
26213252
34964451
30402296
30331149
30295905
25986662
30318116
26709258
30282387
34833851
24733428
35051512
26754233
35096844
30444960
25907124
30128916
30171424
33408026
34894753
30306570
35069506
30466931
26357307
34869362
33432655
35155748
33218378
24298954
34941536
34841067
27619748
34874432
35422807
25845392
35376457
32493124
30337388
26933210
3001114
35294995
26826330
35231370
34430141
35068653
35144311
35087699
30435124
35158160
35315950
35371261
35460157
4811774
35457272
35284237
35183042
30314848
35312437
26654184
30167997
35505100
35073886
35698284
34477861
35739931
35208467
35613853
35131346
30304994
26258779
35209731
35653205
35766491
35372742
35591164
35267208
26999802
26584673
35451891
35401290
34610636
27199894
26649682
34434003
34896242
35617081
35588155
26087471
30323380
